((("term" .
   [1 0 0 0])
  ("kbd" .
   [1 0 0])
  ("global" .
   [0 0 0 0 0 1])
  ("define-key" .
   [0 0 0 0 0 0 0 0 0 2])
  ("neotree-mode" .
   [1 0 0 0 0 0 0 0 0 0 0 0])
  ("require" .
   [0 0 0 0 0 0 1])
  ("neotree" .
   [1 0 0 1 0 0 0])
  ("global-set-key" .
   [0 0 0 0 0 0 0 0 0 0 1 0 0 0])
  ("neotree-toggle" .
   [0 0 0 0 0 0 0 0 0 1 0 0 0 0])
  ("McDonald" .
   [0 0 0 1 0 0 0 0])
  ("Wheels" .
   [1 0 0 0 0 0])
  ("которые" .
   [1 0 0 0 0 0 0])
  ("все" .
   [1 0 0])
  ("это" .
   [1 0 0])
  ("является" .
   [1 0 0 0 0 0 0 0])
  ("американскую" .
   [1 0 0 0 0 0 0 0 0 0 0 0])
  ("поп-культуру" .
   [1 0 0 0 0 0 0 0 0 0 0 0])
  ("отчасти" .
   [2 0 0 0 0 0 0])
  ("что" .
   [1 0 0])
  (".reveal" .
   [2 0 0 0 0 0 0])
  ("img" .
   [1 0 0])
  ("add-to-list" .
   [0 0 0 0 0 0 0 0 0 0 1])
  ("ac-modes" .
   [0 0 0 0 0 0 0 1])
  ("markdown-mode" .
   [0 0 0 0 0 0 0 0 1 0 0 0 0])
  ("html" .
   [1 0 0 0])))
